23
100
14 17
0 20
15 20
6 9
0 7
2 22
1 6
0 10
2 5
1 11
6 7
4 19
1 5
0 17
7 19
12 17
1 17
18 20
4 10
5 11
4 5
8 21
4 16
5 21
16 19
0 1
1 12
4 21
9 19
7 8
1 21
7 21
0 14
1 15
15 19
3 17
6 14
7 15
20 21
13 16
6 11
3 6
1 10
9 20
14 19
7 18
12 18
1 19
4 11
3 22
17 18
4 17
10 20
7 17
0 2
18 22
4 8
3 21
10 15
7 11
6 17
7 20
2 19
0 15
4 13
19 21
7 14
2 20
1 9
2 14
6 8
5 16
12 19
17 21
8 22
3 4
9 12
4 7
10 11
4 18
9 22
16 21
1 2
8 14
4 9
2 9
5 12
10 12
8 20
5 22
11 18
10 22
1 13
8 11
4 14
5 15
6 19
12 15
2 21
3 8
