22
125
14 17
10 17
7 12
1 17
17 20
13 17
0 10
1 11
5 8
4 19
9 21
5 18
0 17
7 19
13 20
2 6
8 21
4 16
9 16
14 15
5 21
11 21
16 19
17 18
8 12
4 15
5 14
8 18
6 13
4 21
15 16
6 16
11 16
2 18
3 11
8 9
2 12
3 17
6 14
20 21
1 16
13 16
1 5
0 11
1 10
14 21
9 20
6 11
7 18
1 19
0 5
0 8
4 11
3 5
9 13
5 10
4 6
7 8
4 17
5 20
16 20
14 19
0 2
8 13
5 13
10 15
7 11
6 17
11 19
16 17
1 14
8 10
2 13
3 16
8 16
6 15
11 13
6 18
12 14
13 15
0 12
2 3
2 14
14 16
5 16
10 16
0 19
12 19
17 21
0 9
3 4
9 12
10 11
5 6
6 21
0 16
16 21
12 16
0 3
13 21
1 2
8 14
4 9
2 9
9 15
5 12
9 17
15 18
17 19
3 13
8 11
7 17
4 14
9 10
3 19
8 17
14 20
4 20
7 9
6 19
12 15
11 17
13 14
0 13
1 8
