25
125
6 9
15 20
1 17
13 17
14 17
1 3
18 19
3 7
8 24
7 19
12 17
0 4
4 10
9 14
15 18
4 5
8 21
5 24
5 21
7 22
12 22
17 18
1 12
2 11
5 14
2 22
8 18
14 21
1 6
6 16
21 24
1 21
7 21
1 15
8 9
2 12
3 17
14 22
0 21
15 23
13 16
2 23
1 5
0 11
6 13
9 20
6 11
5 17
7 18
12 18
0 5
13 19
2 24
18 21
0 8
23 24
5 10
3 22
9 23
7 17
0 2
18 22
2 8
5 13
3 21
10 15
8 19
6 17
5 23
16 17
12 20
2 19
0 15
16 22
3 10
4 24
15 17
14 23
19 21
0 22
7 14
6 18
20 22
1 23
1 4
0 12
2 3
10 16
15 21
12 19
1 18
0 6
1 7
10 11
8 23
15 22
5 19
0 16
7 16
11 24
1 2
4 9
9 15
3 20
8 20
7 10
5 22
0 1
10 22
16 18
12 21
18 23
1 24
3 13
8 11
4 14
9 10
6 12
4 20
0 23
7 9
20 23
1 22
21 22
0 13
