23
100
6 9
15 20
14 17
17 20
2 22
0 10
5 8
6 10
0 17
7 19
12 17
0 4
13 20
18 20
2 6
8 21
4 16
5 21
12 22
1 12
3 18
6 13
11 15
7 8
1 21
7 21
4 12
15 19
3 17
6 14
0 21
20 21
1 16
1 5
3 6
16 17
10 19
7 18
12 18
0 5
3 5
9 13
3 22
8 22
6 20
5 20
7 17
17 22
18 22
10 15
8 19
19 22
7 11
1 20
7 20
12 20
0 15
19 20
8 16
6 15
11 13
15 22
13 15
1 4
3 9
2 3
1 9
2 14
6 8
5 16
15 21
12 19
1 18
15 17
3 4
5 9
5 6
4 18
16 21
4 9
2 9
5 12
10 12
8 20
15 18
6 22
16 18
12 21
3 13
16 20
2 10
5 15
3 19
8 17
4 20
11 12
7 9
13 14
0 13
3 8
