25
150
14 17
10 17
15 20
17 20
2 22
0 10
3 7
2 5
1 11
5 8
3 24
14 18
11 22
7 19
12 17
0 4
13 20
18 20
8 15
9 14
10 13
14 24
5 24
4 16
10 24
9 16
14 15
0 7
11 21
12 22
17 18
1 12
8 12
4 15
2 11
3 18
8 18
6 13
11 15
6 16
11 16
7 13
1 15
8 9
4 12
2 12
15 19
3 17
6 14
0 21
7 15
20 21
0 24
7 24
2 23
3 6
6 10
5 17
7 18
1 19
17 22
13 19
2 24
18 21
0 8
23 24
4 11
4 6
3 22
5 7
4 17
9 23
6 20
5 20
11 20
16 20
1 3
8 13
4 8
2 8
5 13
10 15
9 18
7 11
5 23
11 19
16 17
12 20
0 15
16 22
1 14
4 13
9 11
8 16
6 15
19 21
12 14
13 15
2 20
0 12
3 9
1 9
2 14
15 24
6 8
5 16
0 19
15 21
1 18
0 6
13 18
0 9
7 16
2 4
4 7
10 11
9 22
6 21
5 19
11 23
0 16
16 21
6 24
12 16
0 3
13 21
20 22
1 2
2 9
9 15
10 12
7 10
6 22
5 22
16 18
1 24
22 24
3 13
18 24
9 10
3 19
4 20
11 12
20 23
11 17
2 21
3 8
12 13
6 23
5 21
