25
125
14 17
0 20
0 7
2 22
3 7
2 5
3 24
6 7
9 21
6 10
10 18
16 22
17 23
13 20
9 14
5 11
3 23
8 21
14 24
10 24
6 23
5 21
7 22
2 17
17 18
1 12
4 15
7 23
5 14
8 18
14 21
19 23
9 19
7 8
6 16
1 21
7 21
11 14
0 14
3 11
1 15
8 9
4 12
7 11
6 14
0 21
7 15
20 21
12 24
2 23
0 11
3 6
1 10
16 17
9 20
0 18
7 18
1 19
17 22
18 21
23 24
5 10
3 22
9 23
16 20
0 2
1 3
8 13
4 8
2 8
10 15
4 22
19 22
15 19
6 17
11 19
7 20
12 20
11 12
8 10
2 13
9 24
19 21
15 22
12 14
13 15
0 12
2 3
2 14
5 16
15 21
0 6
3 4
2 4
9 12
5 9
10 11
8 23
9 22
5 19
7 16
0 3
18 23
8 14
2 9
9 15
3 20
8 20
9 17
7 10
6 22
16 18
1 24
8 11
5 15
6 12
4 20
19 20
15 17
12 15
1 22
2 21
0 13
3 8
2 15
