25
100
14 17
1 6
2 5
8 24
4 19
5 18
0 11
0 17
12 17
8 15
4 5
5 24
4 16
9 16
14 15
11 21
6 8
4 15
4 21
6 16
22 23
0 14
3 11
8 9
4 12
2 12
3 17
0 24
7 24
17 24
9 20
14 19
1 19
13 19
3 5
5 7
4 17
7 17
13 22
1 3
15 19
6 17
5 23
11 19
1 20
12 20
2 19
0 15
2 13
4 24
6 15
12 14
2 20
0 12
3 9
2 3
1 9
14 16
10 16
0 19
7 13
1 18
17 21
1 7
2 4
5 9
10 11
4 18
6 21
5 19
11 23
0 16
7 16
6 24
11 24
16 24
20 22
8 14
3 20
10 12
9 17
6 22
5 22
7 23
12 21
2 16
17 19
22 24
1 13
8 11
16 20
4 14
3 19
14 20
4 20
6 19
2 21
0 13
1 8
6 23
