25
100
15 20
13 17
2 22
18 19
6 10
17 24
11 22
10 18
7 19
17 18
2 6
15 18
5 11
4 5
14 15
5 21
10 23
16 19
0 1
3 12
1 12
8 12
3 18
8 18
14 21
4 21
9 19
7 8
6 16
11 14
0 14
1 15
14 22
0 21
15 23
0 6
20 21
6 11
0 11
1 10
6 13
9 20
14 19
10 19
7 18
2 24
18 21
2 7
9 13
5 10
15 16
9 23
6 20
7 17
12 23
13 22
3 15
1 3
5 13
4 22
19 22
5 23
4 13
2 13
9 11
15 17
6 15
11 13
2 20
20 24
0 19
15 21
12 19
1 18
17 21
2 4
4 18
5 19
11 23
3 14
1 2
9 15
5 12
9 17
7 10
6 22
2 16
13 24
8 11
2 10
5 15
6 12
19 20
7 15
6 19
12 15
11 17
2 21
3 8
1 8
