22
100
6 9
0 20
15 20
13 17
1 6
0 10
3 7
2 5
6 7
6 10
0 17
7 12
12 17
8 15
2 6
4 16
9 16
2 17
17 18
1 12
4 15
5 14
3 18
10 14
8 18
7 8
6 16
1 21
2 18
8 9
4 12
7 15
17 21
12 13
1 5
1 10
14 19
4 11
3 5
9 13
15 16
6 20
10 20
7 17
0 2
4 8
10 15
6 12
9 18
15 19
1 20
7 20
2 19
7 19
11 12
1 14
8 10
2 13
9 11
15 17
11 13
6 18
13 15
0 12
3 9
2 14
15 21
1 18
0 6
13 18
0 9
3 4
9 12
4 7
5 6
4 18
10 21
7 16
12 16
3 14
1 2
8 14
10 12
8 20
9 17
7 10
2 16
3 13
1 13
16 20
9 10
5 15
8 17
14 20
19 20
7 9
11 17
13 14
3 8
1 8
