21
100
10 17
0 20
1 17
17 20
13 17
1 6
5 8
6 7
14 18
5 18
0 17
12 17
4 10
2 6
9 14
4 5
9 16
14 15
0 7
2 17
0 1
1 12
8 12
2 11
5 14
3 18
9 19
15 16
6 16
11 16
0 14
7 15
12 13
1 16
13 16
1 5
3 6
14 19
5 17
12 18
0 5
13 19
0 8
4 11
5 10
4 6
17 18
6 20
10 20
0 2
3 15
1 3
2 8
5 13
10 15
8 19
14 20
9 18
7 11
16 17
12 20
0 15
11 12
4 13
2 13
9 11
15 17
11 13
6 18
6 11
2 20
5 16
7 13
12 19
13 18
0 9
9 12
5 9
4 7
10 11
5 6
0 16
5 12
10 12
7 10
17 19
3 13
8 11
4 14
9 10
5 15
3 19
6 12
19 20
7 9
12 15
13 14
0 13
3 8
1 8
