23
125
14 17
10 17
15 20
0 7
1 6
1 11
6 7
4 19
0 17
7 19
0 1
2 6
9 14
4 5
8 21
4 16
14 15
11 21
16 19
12 22
17 18
3 12
1 12
8 12
4 15
2 11
10 14
8 18
6 13
4 21
7 8
11 16
2 18
3 11
8 9
2 12
3 17
0 21
12 13
1 16
13 16
0 11
1 10
9 20
5 17
10 19
0 18
12 18
1 19
0 5
18 21
4 11
3 5
2 7
5 10
8 22
5 7
6 20
5 20
11 20
10 20
7 17
0 2
13 22
4 8
3 21
10 15
8 19
19 22
16 17
2 19
8 10
9 11
11 13
7 14
6 18
20 22
1 4
2 3
1 9
2 14
6 8
10 16
0 19
1 18
17 21
13 18
1 7
19 21
2 4
4 7
5 6
6 21
10 21
0 16
7 16
12 16
0 3
13 21
8 14
4 9
3 20
10 12
15 16
9 17
7 10
5 22
11 18
10 22
16 18
12 21
2 16
17 19
8 11
2 10
9 10
7 12
6 12
4 20
7 9
6 19
1 22
21 22
1 8
2 15
