21
150
14 17
10 17
0 20
15 20
1 17
17 20
13 17
1 6
0 10
3 7
1 11
6 7
4 19
6 10
10 18
0 17
7 19
12 17
0 4
13 20
18 20
4 10
9 14
7 10
5 11
4 5
4 16
9 16
2 17
0 1
6 9
1 12
8 12
4 15
2 11
5 14
14 18
3 18
10 14
8 18
6 13
18 19
9 19
15 16
6 16
2 18
3 11
8 9
4 12
2 12
7 11
3 17
6 14
7 15
13 16
0 11
3 6
1 10
6 11
5 17
10 19
7 18
12 18
0 5
11 15
4 11
3 5
9 13
5 10
4 6
7 8
5 7
4 17
11 20
10 20
16 20
0 2
1 3
8 13
4 8
5 13
10 15
11 14
6 12
15 19
6 17
11 19
1 20
12 20
2 19
19 20
3 10
1 14
4 13
3 16
8 16
6 15
11 13
12 14
2 20
1 4
1 9
2 14
14 16
5 16
0 19
7 13
12 19
0 6
13 18
0 9
2 4
9 12
5 9
4 7
10 11
5 6
5 19
0 16
12 16
0 3
3 14
1 2
8 14
4 9
2 9
9 15
10 12
9 17
15 18
11 18
16 18
2 16
17 19
1 13
8 11
7 17
4 14
2 10
9 10
3 19
7 12
14 20
11 12
7 9
6 19
11 17
0 13
3 8
1 8
