24
100
6 9
1 17
17 20
18 19
3 7
2 5
6 7
11 22
0 17
18 20
8 15
4 10
2 6
4 5
4 16
14 15
11 21
1 12
2 11
8 18
6 13
4 21
19 23
7 8
15 21
22 23
2 18
0 14
1 15
8 9
4 12
14 22
0 21
15 23
0 6
2 23
1 5
0 11
16 23
1 19
7 18
11 15
18 21
0 8
4 11
3 5
2 7
4 6
3 22
8 22
5 20
7 17
12 23
0 2
3 15
1 3
4 8
4 22
1 20
16 17
3 10
8 10
4 13
2 13
21 23
1 4
2 3
1 9
7 13
17 21
0 9
2 4
9 12
4 7
10 11
9 22
11 23
0 16
18 23
8 14
4 9
8 20
9 17
5 22
11 18
6 14
16 18
1 13
4 14
2 10
8 17
6 12
4 20
11 12
0 23
7 15
1 22
13 14
3 8
2 15
