20
100
14 17
10 17
7 12
1 17
0 7
1 6
3 7
2 5
1 11
6 7
6 10
10 18
0 17
12 17
4 10
9 14
5 11
4 5
10 13
4 16
14 15
2 17
0 1
1 12
8 12
4 15
2 11
5 14
11 15
9 19
7 8
6 16
4 12
7 15
1 16
13 16
1 5
0 11
14 19
5 17
10 19
0 18
7 18
1 19
0 8
4 11
17 18
14 18
8 13
4 8
11 14
9 18
7 11
6 17
2 19
0 15
9 11
3 16
15 17
7 14
6 18
12 14
13 15
6 11
1 4
2 3
6 8
5 16
7 13
12 19
1 18
13 18
1 7
3 4
2 4
5 9
4 7
10 11
5 19
0 16
7 16
0 3
1 2
8 14
5 12
9 17
15 18
11 18
16 18
17 19
4 14
3 19
8 17
6 12
7 9
12 15
11 17
13 14
1 8
2 15
