20
150
14 17
10 17
7 12
6 9
0 7
13 17
1 6
0 10
3 7
2 5
1 11
5 8
6 7
4 19
6 10
5 18
10 18
0 17
12 17
0 4
1 17
8 15
4 10
2 6
7 10
5 11
4 5
4 16
9 16
14 15
16 19
2 17
14 16
0 1
3 12
1 12
8 12
2 11
5 14
14 18
3 18
18 19
7 8
11 16
2 18
3 11
1 15
8 9
2 12
15 19
3 17
7 15
12 13
1 16
13 16
1 5
0 11
1 10
14 19
0 18
7 18
12 18
1 19
0 5
11 15
4 11
2 7
4 6
17 18
4 17
7 17
0 2
3 15
1 3
8 13
4 8
2 8
5 13
10 15
9 18
7 11
6 17
11 19
16 17
0 15
1 14
8 10
4 13
2 13
9 11
3 16
7 9
6 15
11 13
7 14
6 18
12 14
13 15
1 4
0 12
1 9
2 14
8 16
6 8
5 16
7 13
12 19
0 6
13 18
1 7
0 9
3 4
2 4
5 9
4 7
10 11
5 6
4 18
5 19
0 16
7 16
12 16
0 3
3 14
1 2
4 9
2 9
5 12
10 12
15 16
9 17
15 18
11 18
16 18
17 19
1 13
8 11
4 14
2 10
9 10
5 15
3 19
8 17
6 12
15 17
6 19
12 15
13 14
0 13
2 15
