22
150
6 9
7 12
14 17
17 20
13 17
1 6
0 10
3 7
2 5
1 11
5 8
6 7
4 19
9 21
14 18
5 18
0 17
13 20
1 17
8 15
4 10
2 6
9 14
15 18
5 11
4 5
10 13
8 21
4 16
9 16
14 15
5 21
11 21
16 19
2 17
17 18
3 12
8 12
2 11
5 14
3 18
10 14
8 18
6 13
11 15
9 19
15 16
6 16
11 16
2 18
3 11
8 9
2 12
3 17
0 21
7 15
0 6
20 21
1 16
13 16
3 6
14 21
6 11
5 17
12 18
1 19
0 5
4 11
3 5
5 10
4 6
7 8
6 20
10 20
7 17
0 7
0 2
3 15
1 3
2 8
5 13
3 21
10 15
11 14
14 20
9 18
1 20
16 17
2 19
11 12
1 14
4 13
9 11
3 16
15 17
6 15
11 13
1 4
0 12
2 3
1 9
2 14
8 16
5 16
0 19
12 19
17 21
13 18
0 9
7 16
19 21
3 4
2 4
9 12
10 11
5 6
6 21
5 19
10 21
16 21
12 16
0 3
13 21
3 14
4 9
2 9
3 20
10 12
8 20
9 17
7 10
11 18
12 21
2 16
17 19
16 20
4 14
2 10
9 10
5 15
6 12
4 20
19 20
7 9
6 19
12 15
13 14
0 13
12 13
2 15
