24
125
6 9
10 17
7 12
17 20
13 17
18 19
0 10
5 8
6 7
9 21
14 18
10 18
0 17
15 20
12 17
8 15
4 5
3 23
10 13
8 21
6 23
0 7
16 19
2 17
0 1
13 23
8 12
3 18
8 18
14 21
4 21
11 15
9 19
7 8
7 21
19 22
2 18
3 11
1 15
2 12
14 22
6 14
15 23
12 13
1 5
3 6
6 13
14 19
5 17
10 19
16 23
12 18
1 19
0 5
18 21
5 10
15 16
4 17
12 23
15 21
0 2
13 22
3 15
1 3
2 8
3 21
8 19
4 22
11 14
7 11
11 19
1 20
7 20
16 22
3 10
2 13
9 11
3 16
6 15
19 21
0 22
7 14
20 22
1 23
12 15
2 3
1 9
14 16
5 16
10 16
0 19
7 13
12 19
17 21
13 18
1 7
16 21
3 4
2 4
5 9
10 11
5 6
15 22
10 21
0 16
7 16
12 14
9 15
5 12
9 17
6 22
5 22
11 18
10 22
1 13
8 11
4 14
9 10
14 20
4 20
19 20
0 23
20 23
0 13
2 15
