20
150
6 9
10 17
1 17
0 7
13 17
14 17
1 6
0 10
5 8
6 7
4 19
6 10
5 18
0 17
7 19
8 15
4 10
2 6
9 14
5 11
4 5
10 13
4 16
9 16
14 15
16 19
2 17
14 16
17 18
3 12
1 12
4 15
2 11
5 14
14 18
10 14
8 18
6 13
18 19
9 19
7 8
6 16
11 16
2 18
0 14
3 11
8 9
2 12
3 17
6 14
7 15
12 13
1 16
13 16
1 5
0 11
3 6
11 15
1 10
14 19
5 17
10 19
7 18
12 18
0 5
13 19
4 11
2 7
9 13
5 10
4 6
15 16
5 7
4 17
7 17
0 2
3 15
1 3
8 13
4 8
5 13
10 15
8 19
11 14
9 18
11 19
2 19
0 15
3 10
1 14
4 13
2 13
3 16
8 16
6 15
11 13
7 14
6 18
12 14
6 11
0 12
2 3
1 9
6 8
10 16
0 19
7 13
0 6
13 18
7 9
1 7
0 9
3 4
9 12
5 9
4 7
10 11
5 6
4 18
5 19
0 16
7 16
12 16
0 3
3 14
1 2
4 9
2 9
9 15
10 12
7 10
2 16
3 13
1 13
8 11
4 14
2 10
9 10
5 15
3 19
8 17
6 12
11 12
15 17
12 15
13 14
0 13
3 8
1 8
2 15
