24
100
6 9
0 20
7 12
18 19
4 19
0 17
15 20
12 17
13 20
18 20
5 11
4 5
10 13
6 23
5 21
11 21
17 18
13 23
7 23
5 14
9 19
15 16
11 16
22 23
3 11
8 9
4 12
6 14
0 11
1 10
16 23
0 5
13 19
4 11
5 10
4 6
3 22
8 22
5 7
4 17
9 23
6 20
5 20
13 22
1 3
4 8
5 13
3 21
10 15
4 22
1 20
7 20
0 15
3 10
2 13
9 11
8 16
11 13
15 22
1 23
2 20
0 12
1 9
5 16
0 19
7 13
12 19
1 18
17 21
13 18
1 7
9 12
5 9
10 11
9 22
10 21
7 16
12 16
1 2
5 12
3 20
10 12
6 22
10 22
16 18
12 21
3 13
1 13
8 11
4 14
2 10
3 19
14 20
4 20
15 17
6 19
20 23
11 17
21 22
0 13
