25
150
7 8
6 9
0 20
7 12
14 17
0 7
18 19
0 10
3 7
2 5
1 11
16 19
5 8
3 24
8 24
9 21
5 18
17 24
11 22
10 18
0 17
12 17
17 23
18 20
2 6
5 11
10 13
14 24
5 24
10 24
14 15
11 21
7 22
2 17
17 18
13 23
3 12
10 14
14 21
4 21
1 6
15 16
21 24
11 16
7 21
22 23
2 18
3 11
2 12
3 17
14 22
0 21
17 21
12 13
12 24
2 23
1 5
0 11
1 10
6 13
9 20
6 11
16 23
1 19
0 5
19 23
18 21
23 24
3 5
2 7
5 10
4 6
3 22
8 22
4 17
6 20
10 20
7 17
0 2
13 22
4 8
2 8
5 13
3 21
11 14
9 18
5 23
11 19
1 20
7 20
0 15
1 14
4 13
2 13
3 16
6 15
19 21
15 22
20 22
1 23
21 23
1 4
0 12
3 9
2 3
2 14
15 24
6 8
5 16
20 24
10 16
1 18
0 6
13 18
1 7
0 9
10 11
8 23
0 16
7 16
16 24
3 14
1 2
4 9
2 9
9 15
5 12
3 20
4 23
9 17
7 10
5 22
10 22
22 24
13 24
1 13
8 11
16 20
2 10
5 15
3 19
8 17
14 20
19 20
0 23
7 9
6 19
11 17
21 22
0 13
