25
100
14 17
10 17
0 20
2 22
1 6
0 10
3 7
8 24
5 18
0 11
12 17
17 23
8 15
3 23
8 21
4 16
10 24
10 23
12 22
2 17
14 16
0 1
3 12
1 12
5 14
8 18
11 15
7 8
21 24
22 23
0 14
8 9
2 12
14 22
0 21
15 23
17 21
1 16
2 23
17 24
14 19
5 17
0 18
0 8
3 5
2 7
3 22
8 22
4 17
10 20
18 22
10 15
8 19
19 22
7 11
6 17
5 23
12 20
3 10
8 10
4 13
2 13
9 11
14 23
19 21
15 22
1 23
0 12
2 3
6 8
20 24
0 19
1 18
0 6
11 13
5 6
10 21
0 16
7 16
16 24
13 21
18 23
4 9
2 9
5 12
10 12
8 20
4 23
6 22
1 3
7 23
2 16
17 19
13 24
8 11
4 14
5 15
11 12
0 13
2 15
