23
150
6 9
0 20
7 12
1 17
17 20
13 17
14 17
2 22
18 19
3 7
2 5
1 11
4 19
9 21
14 18
5 18
10 18
0 17
15 20
13 20
4 10
2 6
9 14
15 18
4 5
8 21
4 16
14 15
7 22
12 22
3 12
8 12
5 14
3 18
14 21
4 21
15 16
6 16
1 21
7 21
2 18
0 14
3 11
15 19
6 14
0 21
0 6
12 13
1 5
3 6
1 10
6 10
9 20
6 11
5 17
0 18
7 18
12 18
1 19
13 19
18 21
4 11
3 5
2 7
9 13
5 10
3 22
7 8
4 17
6 20
5 20
11 20
10 20
16 20
0 2
13 22
3 15
1 3
8 13
5 13
3 21
10 15
11 14
9 18
7 11
6 17
11 19
1 20
16 17
12 20
2 19
0 15
1 14
4 13
2 13
7 14
6 18
12 14
13 15
0 12
2 14
14 16
10 16
0 19
15 21
12 19
1 18
17 21
13 18
1 7
2 4
9 12
5 9
4 7
9 22
6 21
5 19
7 16
13 21
20 22
1 2
8 14
2 9
9 15
5 12
3 20
10 12
7 10
6 22
5 22
11 18
16 18
1 13
8 11
7 17
4 14
2 10
3 19
14 20
4 20
11 12
15 17
6 19
12 15
1 22
13 14
0 13
3 8
1 8
2 15
