21
150
15 20
1 17
17 20
13 17
1 6
0 10
3 7
2 5
1 11
5 8
6 7
4 19
14 18
5 18
0 17
7 19
12 17
0 4
13 20
18 20
8 15
4 10
2 6
4 5
10 13
4 16
9 16
16 19
2 17
14 16
17 18
3 12
1 12
8 12
4 15
2 11
5 14
3 18
8 18
6 13
11 15
15 16
6 16
11 16
2 18
0 14
3 11
1 15
4 12
2 12
15 19
3 17
6 14
7 15
12 13
1 16
13 16
1 5
0 11
3 6
9 20
10 19
7 18
12 18
1 19
0 5
13 19
0 8
4 11
5 10
4 6
7 8
5 7
4 17
6 20
5 20
0 2
1 3
8 13
4 8
5 13
8 19
11 14
14 20
9 18
7 11
6 17
11 19
1 20
7 20
0 15
3 10
8 10
2 13
9 11
7 9
6 15
11 13
13 15
2 20
1 9
2 14
8 16
6 8
10 16
0 19
7 13
1 18
0 6
13 18
1 7
0 9
5 9
4 7
10 11
5 6
5 19
0 16
7 16
12 16
0 3
3 14
1 2
8 14
4 9
2 9
9 15
5 12
3 20
10 12
8 20
9 17
7 10
0 1
11 18
2 16
3 13
1 13
8 11
5 15
3 19
8 17
6 12
19 20
15 17
6 19
11 17
13 14
1 8
2 15
