22
150
6 9
0 20
15 20
1 17
0 7
13 17
14 17
1 6
0 10
3 7
2 5
5 8
4 19
6 10
5 18
7 19
0 4
13 20
18 20
8 15
4 10
2 6
15 18
5 11
4 5
8 21
4 16
9 16
14 15
17 20
11 21
17 18
1 12
8 12
4 15
2 11
5 14
3 18
10 14
14 21
9 19
15 16
1 21
7 21
3 11
1 15
2 12
15 19
3 17
6 14
0 21
7 15
20 21
1 16
13 16
1 5
0 11
3 6
9 20
14 19
5 17
10 19
0 18
12 18
1 19
13 19
18 21
4 11
2 7
5 10
4 6
5 7
10 20
0 2
3 15
1 3
8 13
3 21
10 15
11 14
6 12
9 18
7 11
6 17
11 19
1 20
7 20
12 20
0 15
19 20
3 10
1 14
9 11
3 16
8 16
6 15
19 21
7 14
6 18
13 15
2 20
1 4
0 12
3 9
2 3
2 14
5 16
10 16
0 19
7 13
12 19
1 18
17 21
13 18
2 4
9 12
4 7
10 11
4 18
6 21
10 21
0 16
7 16
12 16
0 3
13 21
1 2
3 20
7 10
12 21
17 19
3 13
8 11
4 14
2 10
9 10
14 20
4 20
11 12
15 17
6 19
12 15
11 17
13 14
2 21
0 13
3 8
12 13
1 8
2 15
