25
100
6 9
15 20
17 20
13 17
1 11
3 24
8 24
10 18
0 17
7 19
12 17
13 20
2 6
4 5
10 13
10 23
12 22
0 1
13 23
5 14
8 18
14 21
15 16
21 24
3 11
1 15
8 9
3 17
6 14
12 13
0 11
3 6
1 10
16 17
14 19
7 18
1 19
2 24
0 8
4 17
11 20
7 17
1 3
4 8
19 22
15 19
11 19
1 20
7 20
0 15
16 22
1 14
9 11
3 16
9 24
14 23
11 13
7 14
6 18
21 23
1 4
15 24
14 16
6 15
15 21
0 6
0 9
3 4
9 12
10 11
8 23
9 22
15 22
6 21
5 19
11 23
6 24
12 16
11 24
0 3
4 9
5 12
8 20
7 10
16 18
2 16
13 15
22 24
1 13
8 11
4 14
7 12
4 20
11 12
1 22
21 22
0 13
3 8
1 8
2 15
