23
125
6 9
10 17
0 20
15 20
14 17
17 20
2 5
5 8
6 7
14 18
10 18
16 22
12 17
0 4
18 20
0 1
2 6
4 5
4 16
5 21
16 19
12 22
17 18
1 12
8 12
4 15
2 11
14 21
9 19
7 8
6 16
11 16
1 21
7 21
2 18
3 11
1 15
8 9
4 12
14 22
7 15
20 21
1 16
1 5
0 11
3 6
1 10
16 17
21 22
0 18
0 5
18 21
2 7
9 13
3 22
8 22
4 17
5 20
10 20
7 17
15 21
3 15
1 3
5 13
10 15
8 19
11 14
15 19
6 17
11 19
1 20
7 20
7 19
3 10
8 10
9 11
3 16
15 17
11 13
15 22
20 22
2 20
0 12
2 14
5 16
7 13
12 19
17 21
13 18
1 7
0 9
19 21
9 12
4 7
10 11
4 18
7 14
5 19
7 16
0 3
13 21
1 2
2 9
3 20
10 12
9 17
15 18
5 22
11 18
10 22
16 18
12 21
1 13
4 14
9 10
5 15
3 19
8 17
19 20
7 9
6 19
13 14
2 21
12 13
1 8
