21
125
14 17
10 17
6 9
0 7
13 17
3 7
1 11
5 8
6 7
4 19
6 10
5 18
12 17
8 15
2 6
9 14
15 18
5 11
4 16
9 16
14 15
16 19
2 17
0 1
3 12
8 12
14 18
6 13
11 15
9 19
6 16
0 14
1 15
8 9
2 12
15 19
6 14
7 15
1 16
1 5
3 6
9 20
6 11
5 17
10 19
0 18
7 18
1 19
0 5
0 8
4 11
3 5
9 13
5 10
4 6
5 7
4 17
6 20
5 20
0 2
1 3
4 8
5 13
10 15
8 19
11 14
9 18
7 11
1 20
7 20
12 20
2 19
0 15
11 12
3 10
1 14
4 13
3 16
8 16
11 13
7 14
6 18
13 15
2 20
1 4
2 3
1 9
0 19
0 6
1 7
0 9
9 12
5 9
5 6
4 18
0 16
12 16
3 14
1 2
8 14
2 9
9 15
5 12
10 12
7 10
11 18
16 18
2 16
17 19
3 13
1 13
4 14
2 10
9 10
5 15
6 12
4 20
19 20
7 9
6 19
12 15
11 17
13 14
3 8
2 15
