20
100
14 17
1 17
13 17
0 10
3 7
2 5
1 11
6 7
14 18
5 18
10 18
0 17
7 19
12 17
0 4
8 15
2 6
9 14
5 11
4 5
16 19
2 17
0 1
8 18
6 13
11 15
9 19
6 16
11 16
0 14
3 11
8 9
4 12
2 12
15 19
7 15
1 16
1 5
1 10
6 11
5 17
0 18
13 19
5 10
4 6
4 17
7 17
14 19
0 2
3 15
4 8
2 8
10 15
8 19
7 11
6 17
0 15
3 10
2 13
9 11
3 16
7 14
6 18
12 14
13 15
0 12
3 9
1 9
2 14
6 8
10 16
12 19
1 18
0 6
13 18
0 9
3 4
9 12
10 11
5 19
7 16
3 14
4 9
9 15
5 12
10 12
15 18
16 18
1 13
4 14
9 10
15 17
6 19
12 15
11 17
13 14
0 13
3 8
1 8
2 15
