21
150
14 17
10 17
0 20
15 20
6 9
0 7
13 17
1 6
0 10
3 7
2 5
5 8
6 7
5 18
10 18
7 19
12 17
0 4
13 20
18 20
8 15
4 10
2 6
9 14
4 5
10 13
4 16
9 16
14 15
16 19
2 17
6 8
1 12
8 12
4 15
5 14
3 18
11 15
15 16
6 16
2 18
0 14
3 11
1 15
8 9
4 12
2 12
3 17
6 14
12 13
1 16
6 11
0 11
3 6
9 20
14 19
0 18
7 18
1 19
13 19
3 5
2 7
9 13
4 6
4 17
5 20
11 20
7 17
8 13
2 8
5 13
10 15
8 19
11 14
6 12
9 18
6 17
11 19
1 20
12 20
2 19
11 12
3 10
1 14
8 10
2 13
9 11
3 16
7 9
6 18
12 14
13 15
1 4
0 12
3 9
1 9
2 14
8 16
14 16
5 16
10 16
7 13
12 19
1 18
0 6
13 18
1 7
0 9
3 4
9 12
5 9
4 7
10 11
5 6
4 18
5 19
0 16
12 16
0 3
3 14
1 2
8 14
4 9
9 15
5 12
3 20
10 12
8 20
7 10
11 18
16 18
17 19
3 13
1 13
8 11
16 20
2 10
9 10
3 19
7 12
8 17
14 20
4 20
19 20
15 17
11 17
0 13
3 8
1 8
2 15
