20
150
10 17
1 17
13 17
1 6
0 10
3 7
2 5
1 11
5 8
6 7
4 19
14 18
10 18
0 17
7 19
12 17
0 4
8 15
4 10
2 6
9 14
7 10
5 11
4 5
10 13
4 16
9 16
14 15
16 19
2 17
0 1
3 12
1 12
8 12
4 15
2 11
3 18
8 18
6 13
11 15
7 8
6 16
11 16
0 14
3 11
1 15
8 9
4 12
2 12
7 11
3 17
6 14
7 15
12 13
13 16
0 11
3 6
1 10
6 10
5 17
10 19
7 18
12 18
1 19
0 5
13 19
0 8
4 11
3 5
2 7
9 13
4 6
5 7
4 17
7 17
0 2
3 15
1 3
8 13
4 8
2 8
5 13
10 15
8 19
15 19
6 17
11 19
16 17
2 19
0 15
3 10
8 10
4 13
8 16
6 15
11 13
7 14
12 14
13 15
1 4
2 3
1 9
2 14
6 8
5 16
10 16
0 19
7 13
12 19
1 18
0 6
13 18
1 7
0 9
3 4
2 4
5 9
10 11
5 6
4 18
5 19
0 16
7 16
12 16
0 3
3 14
1 2
2 9
9 15
5 12
10 12
9 17
15 18
11 18
16 18
2 16
17 19
1 13
8 11
9 10
5 15
8 17
6 12
11 12
6 19
12 15
13 14
3 8
1 8
2 15
