25
125
0 20
17 20
13 17
1 6
2 5
1 11
4 19
9 21
5 18
11 22
0 17
7 19
12 17
18 20
8 15
3 23
8 21
14 24
19 24
14 15
5 21
10 23
2 17
17 18
4 15
2 11
6 13
4 21
18 19
7 8
6 16
11 16
1 21
7 21
2 18
0 14
3 11
8 9
4 12
3 17
14 22
20 21
0 24
13 16
12 24
1 5
1 10
14 19
5 17
0 18
17 22
13 19
2 7
4 6
3 22
5 7
4 17
9 23
6 20
5 20
16 20
12 23
8 13
2 8
3 21
10 15
19 22
6 12
9 18
7 11
6 17
5 23
0 15
19 20
1 14
4 13
2 13
4 24
6 18
12 14
0 12
15 24
6 8
5 16
10 16
12 19
1 7
0 9
16 21
5 6
4 18
6 21
5 19
11 23
0 16
7 16
11 24
13 21
3 14
20 22
18 23
8 14
4 9
10 12
4 23
11 18
6 14
1 2
1 24
17 19
3 13
1 13
8 11
7 17
5 15
14 20
4 20
11 12
0 23
6 19
12 15
11 17
21 22
3 8
6 23
