25
25
3 0 12 21
4 0 2 8 16
4 15 11 4 7
1 16
8 11 9 8 19 4 17 0 12
13 15 5 11 1 20 14 4 13 2 16 22 23 18
2 21 10
15 14 5 20 21 2 13 1 23 8 17 11 6 9 12 19
1 2
6 2 16 13 23 0 22
8 20 5 7 4 23 6 9 2
6 8 15 16 5 12 17
14 24 4 2 22 10 8 19 9 23 16 1 5 12 6
10 16 5 3 23 22 0 17 20 2 4
6 23 19 6 0 13 7
6 22 17 4 10 23 5
6 17 6 21 9 22 0
5 18 14 21 13 22
7 20 7 6 19 10 15 3
10 4 22 21 14 0 9 12 17 10 7
13 9 18 13 10 1 14 3 12 15 5 0 8 6
8 3 7 21 8 5 4 24 12
5 23 13 21 24 10
4 0 13 5 10
6 8 11 16 0 17 22
