25
25
8 1 6 15 9 19 24 13 0
7 2 3 18 5 11 13 14
5 9 15 13 23 7
11 22 8 11 17 1 18 16 3 20 23 4
3 0 15 9
5 19 9 5 20 12
4 22 14 24 4
2 2 19
13 4 6 5 20 16 0 17 13 3 2 7 9 12
10 17 14 18 11 8 0 3 13 21 23
17 6 14 1 20 22 3 5 17 4 16 8 12 19 0 10 21 9
12 22 16 9 23 13 15 20 11 24 5 6 7
5 7 16 10 23 0
19 7 9 3 19 24 18 16 15 1 2 0 8 17 10 5 23 21 6 4
6 13 15 22 11 4 3
8 16 6 11 7 21 8 23 18
3 4 9 3
3 19 10 17
6 24 12 10 16 17 9
8 11 21 20 18 15 16 1 22
12 5 17 6 4 8 9 13 1 0 24 15 21
6 6 5 17 7 8 3
15 13 0 4 11 22 18 21 20 19 10 23 1 7 24 6
4 7 17 12 23
4 11 8 7 12
