25
24
2 14 19
1 7
7 20 21 11 17 14 18 23
5 3 24 0 17 13
18 5 12 20 15 22 11 2 24 23 16 9 17 4 0 3 14 18 13
1 4
14 13 24 15 5 7 14 2 9 12 16 23 19 20 17
5 15 5 20 14 4
4 14 4 5 15
16 3 10 17 6 12 23 21 1 20 0 11 9 8 15 18 19
12 9 5 14 8 3 15 10 21 16 1 23 4
15 0 19 12 8 13 16 24 20 14 7 15 11 1 18 10
5 3 18 6 20 4
1 11
1 4
10 3 5 17 13 16 18 21 22 8 10
1 9
1 22
6 19 17 18 5 12 20
14 17 24 11 3 22 9 23 14 10 20 1 12 18 0
13 0 5 19 20 12 13 23 2 18 22 24 7 10
8 9 1 18 21 6 5 20 2
7 21 11 23 10 12 15 5
6 13 16 23 24 15 5
