25
22
1 23
3 3 13 1
15 24 18 5 7 22 12 2 1 16 23 17 9 20 4 19
4 17 13 12 3
3 4 22 11
1 15
8 1 19 4 7 18 14 20 23
16 23 15 21 7 11 24 6 2 17 16 10 9 8 14 22 5
4 13 21 7 12
7 5 21 6 10 2 15 17
9 17 10 7 18 9 14 3 23 2
15 24 5 19 10 12 0 17 8 16 6 7 11 18 15 22
10 6 4 5 17 21 11 9 19 12 13
7 9 20 16 18 2 11 24
15 10 0 24 4 21 6 17 22 18 14 16 5 3 2 1
17 2 15 9 22 8 0 18 16 19 20 1 6 4 14 3 17 10
1 20
4 7 14 9 24
2 22 14
6 8 19 14 18 3 9
12 18 16 13 9 12 15 1 21 17 22 11 19
13 10 17 15 5 14 12 3 13 4 9 24 1 23
