25
24
11 5 14 13 8 19 7 15 12 6 20 16
7 17 3 2 7 21 18 0
1 18
9 20 0 1 4 2 16 9 18 22
22 19 13 23 5 0 3 8 16 14 7 17 20 10 1 24 18 9 21 15 22 4 11
7 24 7 9 21 11 4 18
6 20 4 5 10 13 3
22 21 13 10 8 4 14 18 0 15 24 23 11 2 19 22 6 3 7 17 9 16 20
10 22 21 13 7 24 2 15 14 9 20
5 18 8 13 11 16
14 10 9 15 8 24 22 19 6 18 0 12 5 16 14
3 19 2 4
1 13
8 11 21 17 19 7 9 16 22
4 21 16 15 6
11 0 20 12 24 3 17 22 5 10 16 15
8 22 24 4 19 20 10 17 8
18 11 4 20 18 7 1 0 15 23 12 14 16 5 17 19 2 22 6
12 21 4 8 17 13 24 16 2 11 20 18 12
6 6 9 0 10 22 18
2 11 20
1 0
8 6 14 11 8 22 10 3 4
16 15 13 3 6 17 18 2 5 10 1 7 16 21 22 20 14
