25
23
1 19
17 1 15 18 13 2 16 12 20 11 6 4 10 19 0 23 24 5
10 4 3 10 22 17 18 0 23 21 9
8 8 1 2 4 20 7 21 19
8 17 1 2 6 18 11 23 3
1 4
8 12 19 3 2 20 10 14 8
8 12 1 3 18 20 19 16 9
5 21 12 6 20 11
10 2 6 0 10 14 17 7 18 1 4
1 6
9 3 1 17 21 20 6 22 12 18
1 8
1 16
12 22 23 16 5 3 18 0 6 20 7 21 17
10 23 5 14 11 3 18 19 2 20 4
12 18 3 11 17 20 2 24 10 1 4 8 7
19 5 10 19 14 17 8 3 9 24 13 11 1 7 16 23 20 0 15 18
1 16
18 2 13 14 7 8 3 4 6 17 20 0 18 23 1 21 22 10 15
4 17 1 2 23
13 16 18 23 6 11 2 20 12 10 15 5 3 22
1 0
