25
25
10 24 7 0 20 10 13 1 5 14 6
6 7 10 22 3 2 14
14 21 22 5 8 23 10 11 6 16 18 13 0 14 24
11 16 10 15 7 19 18 2 6 3 11 12
1 3
14 2 23 8 24 10 17 9 11 19 3 22 20 5 21
1 10
3 12 19 3
1 0
5 6 18 22 17 5
3 16 19 21
1 11
5 9 12 4 14 22
8 22 20 24 19 14 10 17 12
8 15 18 5 2 10 24 6 4
1 19
11 15 8 11 17 4 14 18 22 0 6 1
18 13 11 9 20 3 4 10 5 21 0 22 18 15 8 1 2 19 16
8 6 4 12 1 9 5 8 23
11 19 17 1 10 12 22 16 14 8 11 20
11 18 13 19 23 4 14 12 15 2 11 16
7 17 13 2 10 22 7 0
19 15 21 5 11 14 4 8 19 13 3 12 20 6 17 0 18 2 1 22
7 12 16 21 22 11 13 9
9 8 23 6 15 14 10 24 5 21
