30
21
17 25 3 0 14 1 18 16 12 27 28 9 20 6 15 4 24 5
2 18 14
8 5 12 16 28 2 17 29 21
1 8
12 19 11 10 17 3 18 21 23 0 26 5 29
7 11 16 10 3 18 19 8
13 27 25 20 16 1 4 15 11 0 3 5 10 17
18 0 11 17 24 5 12 7 19 6 4 26 22 10 2 13 16 8 20
11 24 7 6 23 13 2 19 21 27 11 17
9 22 4 12 10 3 6 25 2 13
1 27
10 21 9 0 4 6 10 1 27 8 7
12 16 12 25 26 9 11 4 17 7 24 20 10
6 11 9 15 16 27 28
17 27 7 28 17 16 21 5 0 9 20 22 6 25 14 26 10 1
14 5 7 26 8 2 17 14 25 0 12 3 9 22 15
7 5 20 12 22 26 23 6
5 18 26 13 16 9
8 17 23 18 11 14 9 5 12
10 13 5 3 7 10 18 15 25 8 4
1 19
