30
24
21 10 27 18 21 12 16 25 24 3 23 14 11 0 19 4 28 5 1 29 20 22
16 10 28 17 14 6 3 18 23 29 0 11 8 21 15 12 4
14 12 2 10 21 3 5 18 23 0 24 20 14 15 19
6 14 3 13 4 0 22
1 28
10 23 3 17 26 16 22 7 25 12 28
16 29 23 11 15 22 0 26 5 8 2 10 20 3 4 27 1
7 19 12 4 11 10 0 29
8 16 14 25 27 20 13 9 12
3 10 21 8
2 23 20
17 6 18 27 2 24 5 17 16 23 11 9 0 26 19 25 14 8
17 17 2 0 28 7 1 11 6 19 12 18 10 20 13 21 4 29
5 21 15 23 6 1
10 19 14 4 26 7 5 29 24 9 17
2 2 29
14 3 29 15 13 20 5 18 6 25 21 28 23 24 0
5 19 17 28 26 23
6 3 8 15 27 21 23
24 19 16 13 18 27 7 25 0 11 20 4 6 3 29 21 26 15 28 1 10 8 22 2 5
10 24 22 23 8 11 28 6 7 2 18
10 28 14 6 24 3 4 17 12 18 29
1 29
8 2 4 18 3 27 26 9 12
