35
24
8 1 19 12 3 5 21 34 30
1 0
6 8 14 3 18 27 32
9 5 9 32 2 6 23 3 30 34
1 0
1 19
9 30 24 10 8 23 25 13 4 15
4 2 28 14 25
6 7 18 17 28 10 5
6 28 8 14 17 30 7
3 32 12 28
14 16 14 18 13 24 2 4 33 6 32 12 23 10 34
18 18 32 22 11 12 20 3 16 33 5 30 6 1 19 29 2 21 15
10 14 16 28 20 13 19 18 31 21 11
16 11 13 12 25 30 15 19 29 9 1 6 27 10 16 32 24
1 20
1 31
1 9
10 33 13 6 28 14 12 23 9 30 24
11 9 22 20 25 4 10 19 18 31 21 14
18 0 17 25 15 34 9 27 22 14 10 5 2 32 26 20 3 18 28
1 22
14 13 7 34 30 4 18 1 22 31 16 25 8 23 17
16 6 4 7 33 19 25 22 17 31 1 18 14 3 23 26 28
