35
24
9 5 16 1 6 0 13 18 26 14
10 3 11 2 26 8 10 32 30 29 12
7 18 20 23 7 10 11 28
5 9 19 2 6 32
1 15
25 29 34 5 0 24 25 23 3 21 8 31 26 32 22 13 16 11 27 30 7 15 12 1 28 6
13 15 3 33 10 32 23 9 27 11 22 12 13 4
1 0
3 26 0 7
1 16
9 9 31 30 0 27 24 32 26 21
11 32 14 6 22 8 28 25 16 2 30 17
1 21
5 29 6 7 32 1
4 29 26 15 2
1 11
23 25 7 11 32 8 26 2 20 33 3 21 12 0 6 30 17 23 16 1 5 4 34 28
3 9 16 13
1 13
12 24 32 3 14 17 10 27 20 26 25 5 34
12 7 4 1 14 11 33 30 2 20 5 28 27
16 11 21 15 4 30 32 1 24 27 29 18 31 12 5 25 17
7 16 33 19 7 9 3 24
18 30 10 22 28 1 14 5 3 15 32 6 20 12 0 33 7 27 24
