35
23
15 32 16 23 7 22 14 15 3 10 1 29 27 25 8 34
13 16 27 31 20 34 14 9 18 8 3 13 6 32
3 31 28 1
12 22 28 31 9 5 13 8 26 2 15 12 24
16 15 27 30 5 6 23 19 32 12 25 2 0 3 29 7 34
14 11 25 31 16 5 15 19 20 32 21 1 8 6 2
1 23
10 19 32 3 13 2 15 27 10 0 25
14 22 29 31 23 13 16 24 33 12 5 4 15 17 2
14 16 25 5 8 7 14 20 15 17 13 9 10 3 4
23 28 2 12 17 18 29 14 19 22 10 1 20 9 32 4 15 26 7 31 0 3 21 6
6 27 0 3 23 14 25
3 24 20 19
14 20 1 4 13 31 28 27 9 11 19 12 21 14 5
15 13 23 4 20 9 22 6 26 1 24 29 31 25 28 17
8 14 5 4 1 2 25 17 29
8 16 31 14 0 18 9 33 29
3 7 21 13
1 24
1 3
8 34 20 10 18 28 7 25 17
3 1 22 6
1 0
