30
23
9 6 16 21 27 14 4 5 12 19
8 2 14 23 27 20 22 6 19
3 16 0 3
3 28 22 11
19 20 0 1 8 4 26 11 6 9 21 29 3 16 19 5 17 25 15 22
5 13 10 2 1 7
8 1 13 2 26 14 4 21 16
1 0
12 5 14 17 2 0 20 18 25 23 13 24 12
3 24 1 23
1 9
8 8 16 23 6 3 17 24 0
13 1 25 7 13 26 16 17 22 5 2 15 8 10
6 11 15 2 7 25 4
11 25 13 22 6 10 19 1 16 2 21 17
3 25 2 12
3 24 4 18
13 13 17 8 2 19 10 1 9 23 16 27 22 3
1 20
13 27 21 25 4 10 12 26 18 11 19 2 17 20
2 13 4
18 23 24 17 6 10 13 21 22 0 14 20 9 4 3 27 1 8 15
20 2 24 28 6 23 15 8 19 0 17 22 5 14 18 13 27 9 20 16 4
