30
24
12 0 20 11 1 8 21 10 6 7 15 14 9
17 16 7 27 2 13 25 24 0 28 26 29 4 14 15 3 8 18
1 19
8 24 16 5 9 0 26 4 17
3 28 22 4
1 5
1 14
21 7 1 17 24 27 15 11 8 19 4 13 10 0 28 6 16 29 5 2 14 18
7 13 6 0 20 28 7 8
1 0
7 19 11 15 21 6 2 29
7 7 29 3 12 11 25 10
1 18
18 12 15 18 9 14 22 20 13 28 4 7 17 25 3 6 21 26 19
1 9
10 14 18 20 5 28 0 11 6 8 13
8 1 26 3 9 27 2 18 6
10 3 20 21 23 27 18 11 5 13 22
2 20 2
10 29 15 12 22 21 6 16 18 28 25
6 9 6 16 28 5 14
19 22 9 18 16 6 19 5 4 28 12 14 15 17 25 13 20 29 23 27
18 6 16 5 29 18 15 19 13 23 11 25 26 2 8 12 14 20 10
5 15 18 14 6 9
