35
24
15 28 33 17 30 11 12 16 13 18 27 31 19 5 24 8
2 17 3
1 6
7 5 7 24 8 27 0 26
12 21 9 4 17 11 20 0 6 22 3 1 19
1 28
12 28 33 20 29 13 4 2 15 31 1 34 16
12 28 10 22 21 20 25 24 13 29 5 15 1
13 27 30 16 2 29 12 1 33 10 18 26 9 28
3 23 33 17
8 21 8 4 9 33 19 10 18
1 13
1 31
6 12 17 18 25 34 23
3 12 7 2
6 19 18 15 1 20 21
1 32
10 7 11 23 21 27 28 15 26 14 5
5 15 32 21 14 23
6 34 5 12 17 32 28
19 33 20 7 12 25 28 23 2 4 9 30 3 13 26 5 21 18 19 11
18 9 22 12 26 3 5 11 6 4 28 29 25 34 21 23 0 1 17
5 17 19 32 33 22
9 5 0 28 34 18 20 9 15 2
