35
23
12 22 27 23 10 17 6 16 34 8 25 3 12
8 28 3 33 17 29 11 26 7
17 12 26 9 31 15 20 1 16 27 21 32 8 34 18 2 13 14
11 21 14 13 7 33 27 11 8 23 24 2
13 19 0 27 20 23 13 11 8 17 33 22 30 1
11 18 33 24 20 9 21 16 19 3 7 1
1 0
9 28 19 7 30 1 11 6 20 2
10 32 18 21 4 33 12 7 15 9 23
4 4 19 33 3
7 20 12 1 30 19 6 11
3 3 9 27
8 21 7 14 10 11 3 20 27
7 0 26 11 14 18 17 13
1 25
1 32
1 3
3 12 8 11
18 20 21 0 29 7 1 15 8 14 18 3 32 6 10 17 9 26 16
13 9 8 27 23 28 29 30 19 11 16 5 1 21
3 16 30 13
10 21 31 34 30 2 10 15 18 1 29
12 20 31 33 0 12 9 2 32 25 8 14 21
