35
25
20 31 9 19 1 16 27 10 34 28 18 20 25 14 12 23 4 3 17 8 5
9 1 33 20 8 17 19 15 12 3
5 20 13 31 10 19
3 24 20 7
11 25 28 34 17 29 8 10 19 7 31 11
1 22
6 33 13 12 10 0 7
13 11 30 18 16 25 31 7 24 6 15 32 34 0
10 19 18 0 14 27 3 20 28 29 9
19 5 3 9 29 17 11 21 19 18 4 2 20 22 7 34 6 24 0 14
1 9
1 19
12 18 21 26 3 11 19 28 24 2 29 31 15
4 23 14 19 33
11 15 28 25 33 17 19 31 9 10 18 11
17 27 34 6 12 30 28 13 32 4 33 25 10 19 8 1 14 23
7 16 9 5 3 22 34 31
8 25 13 6 1 3 34 18 30
14 20 25 24 3 5 26 6 29 11 12 14 10 28 27
19 1 16 22 8 23 15 26 9 19 30 13 0 28 6 20 10 7 12 29
14 9 3 13 30 25 8 1 32 5 24 0 4 31 7
4 5 27 2 19
1 14
4 29 23 3 0
1 6
