30
25
6 2 6 7 21 18 26
1 19
6 18 1 13 0 3 2
12 24 28 15 14 3 11 9 16 25 5 8 17
17 0 1 5 19 3 2 14 25 29 16 11 4 26 18 6 24 17
19 1 12 28 16 14 8 5 4 21 2 17 0 23 27 10 9 20 26 19
18 11 2 15 6 12 19 22 9 14 26 20 4 0 8 24 10 1 21
9 29 22 2 9 27 20 17 28 12
6 15 0 4 20 10 11
14 14 8 4 11 2 23 3 16 12 28 29 22 20 17
12 11 9 28 27 13 8 18 3 10 22 23 12
14 19 23 7 5 13 0 29 12 25 3 20 10 6 18
3 20 22 23
6 29 8 13 16 5 14
15 25 20 5 13 7 18 15 8 24 9 14 12 11 26 23
1 24
1 6
1 12
1 10
1 27
4 12 13 5 6
1 22
1 15
1 19
16 5 16 6 24 28 22 19 26 14 9 4 1 0 13 15 21
