30
24
1 10
22 0 7 21 28 11 6 25 22 3 18 4 14 12 19 17 8 1 23 5 15 13 9
10 5 11 18 2 12 26 0 23 19 10
1 17
3 28 0 17
15 7 24 18 8 4 25 19 11 20 5 26 29 2 13 3
3 9 3 23
4 26 2 12 15
13 26 12 20 28 0 2 22 29 11 8 10 1 19
8 12 27 18 4 17 29 10 28
10 6 18 21 25 4 26 29 23 15 20
1 8
17 0 29 4 21 19 13 26 14 2 15 22 6 28 20 23 11 9
1 25
12 0 6 5 29 3 18 16 27 9 19 11 25
8 28 4 27 19 16 11 26 22
2 27 29
13 19 29 18 17 23 28 5 0 14 4 2 7 15
1 18
1 15
1 29
12 2 26 0 17 3 18 16 22 27 29 21 23
4 5 18 21 28
20 5 13 16 18 6 10 24 22 2 26 20 29 3 21 19 14 27 9 12 1
