35
20
10 16 21 11 12 15 9 8 29 10 25
14 5 25 22 34 0 31 27 28 23 24 1 7 11 29
12 6 21 19 34 26 22 24 29 15 18 27 33
2 8 17
7 14 11 26 19 17 0 31
14 21 33 30 15 20 4 11 17 32 10 31 9 1 34
13 23 31 17 0 5 22 20 28 21 27 30 10 18
9 18 26 9 3 13 16 29 31 12
7 26 18 2 33 29 9 22
1 5
11 18 8 7 10 2 6 33 21 1 32 23
5 33 23 31 13 12
11 30 4 33 3 5 34 22 11 26 27 12
1 32
10 34 14 29 24 12 3 6 13 4 9
18 5 20 32 16 1 21 0 31 9 23 19 2 4 11 15 29 14 13
1 24
6 19 11 29 4 34 14
7 27 3 28 12 16 34 26
9 14 29 22 34 8 2 32 5 20
