35
22
1 28
18 24 14 30 6 1 10 5 3 19 33 22 9 34 31 18 32 2 26
2 14 27
2 33 1
7 29 28 25 3 22 1 27
14 22 10 27 26 8 31 6 24 17 19 21 13 7 3
7 10 17 28 1 25 7 21
6 1 2 15 17 26 18
1 15
24 31 3 34 20 33 4 32 23 0 13 22 2 24 5 27 28 17 11 9 25 12 7 30 6
10 34 33 27 30 0 5 14 18 32 23
1 33
13 16 28 11 26 23 1 6 29 10 14 27 7 24
4 20 21 7 16
13 16 7 13 3 18 14 17 22 28 5 0 19 24
9 24 7 32 4 13 28 15 9 18
1 28
24 25 13 14 18 19 4 26 12 11 20 30 27 1 24 29 9 10 8 15 0 33 23 28 2
3 30 33 18
5 10 16 13 34 14
16 0 1 14 30 23 9 22 13 12 15 18 8 26 27 28 6
11 15 9 12 16 26 18 24 28 6 3 1
