35
21
14 4 7 10 6 32 18 28 12 27 8 31 5 30 24
9 19 0 33 30 13 8 20 29 25
1 26
1 15
15 12 2 21 4 23 29 9 3 17 0 6 31 5 34 22
8 20 21 11 25 15 32 26 27
16 24 2 32 31 0 8 10 11 1 18 22 6 12 27 21 15
16 24 27 13 3 12 4 18 7 17 23 22 0 11 32 10 31
1 26
14 19 5 10 1 31 6 27 28 14 12 23 2 17 34
10 11 16 7 32 30 9 13 27 34 31
21 24 16 31 9 14 30 25 21 34 17 12 18 33 4 22 10 3 5 7 15 29
1 29
3 5 30 13
10 28 25 12 30 24 31 13 20 11 6
1 12
9 9 33 1 23 8 22 7 2 30
12 12 19 24 18 13 15 1 0 8 25 34 27
1 20
20 30 34 32 7 20 27 5 24 29 22 0 28 12 9 17 19 18 26 21 3
12 31 32 3 14 26 12 29 2 24 30 23 16
