30
21
16 16 27 1 29 17 25 9 5 24 14 10 8 6 13 21 0
15 20 8 18 24 28 26 27 1 25 19 21 23 9 5 6
9 8 10 2 16 29 25 1 26 6
1 16
5 25 1 5 22 9
1 29
1 7
2 26 13
8 3 19 5 28 25 21 23 17
10 14 6 7 15 29 28 23 25 19 11
16 12 14 13 26 29 2 9 6 15 25 10 4 17 0 22 11
12 3 25 22 4 8 28 10 11 29 0 2 15
1 10
15 19 3 0 13 22 9 10 2 8 24 17 28 16 11 21
12 12 10 22 26 20 24 21 16 2 11 13 3
4 13 10 7 3
12 16 0 24 10 15 19 21 7 14 28 27 20
5 28 11 5 12 18
17 25 18 17 22 0 29 21 26 4 11 9 28 27 1 10 7 15
10 19 1 9 16 23 29 11 12 26 0
11 17 24 20 25 1 11 16 15 6 7 13
