30
23
16 4 11 24 2 10 29 16 21 27 7 14 5 23 3 19 0
18 4 9 21 18 23 16 6 15 19 7 29 11 28 13 24 20 5 2
9 15 24 0 16 6 11 18 28 25
6 13 18 29 6 24 25
6 9 23 8 18 24 4
11 14 26 24 12 23 20 10 27 2 22 3
19 8 6 22 20 16 15 3 21 0 23 12 27 24 18 10 25 11 2 17
11 3 5 16 23 24 26 11 25 19 12 6
6 18 29 21 13 17 10
17 29 16 1 22 27 6 5 11 17 15 10 21 14 24 7 12 20
19 9 24 27 19 23 10 5 4 0 7 26 11 6 18 15 1 22 17 2
12 20 17 22 6 29 1 11 15 8 12 14 9
1 4
1 18
9 9 13 25 6 17 7 29 4 12
7 14 9 25 29 18 8 6
12 18 24 29 21 16 13 3 27 22 11 4 5
11 7 29 0 12 4 20 18 6 22 9 14
9 18 15 17 24 4 1 7 9 19
12 16 13 19 2 20 26 21 27 25 22 8 10
7 28 19 2 15 20 27 11
13 29 4 7 13 5 28 25 23 14 11 26 24 2
5 12 22 2 10 9
