35
21
16 9 13 5 8 31 24 16 12 23 34 29 0 4 33 15 21
20 34 28 8 29 10 24 25 27 12 16 13 15 6 3 14 4 7 20 1 2
8 20 13 14 30 32 33 10 6
10 9 31 6 17 33 12 4 18 28 8
1 4
6 18 6 12 0 13 24
11 28 13 20 23 7 17 11 24 34 32 30
1 8
7 14 12 2 6 15 1 29
14 11 33 6 27 17 30 15 31 2 9 0 14 26 3
17 33 4 34 0 22 7 25 12 31 29 13 32 10 23 11 21 14
10 21 18 11 2 24 26 10 19 1 20
21 22 28 21 18 4 12 13 6 10 34 32 15 19 20 31 8 16 17 24 29 1
1 34
1 23
1 14
10 10 29 28 2 0 24 25 21 31 19
1 3
7 9 28 33 6 16 10 17
12 32 24 16 31 18 28 33 25 29 19 23 6
11 18 29 16 13 7 2 30 28 33 12 20
