35
25
11 16 5 29 27 10 4 33 26 34 3 20
1 28
1 28
2 27 18
1 23
9 16 6 21 20 27 28 17 11 0
28 19 13 7 0 31 11 9 8 32 3 6 28 24 15 17 21 27 30 5 22 2 16 14 29 25 20 23 1
24 8 4 26 2 21 5 23 32 3 11 19 34 17 15 14 16 28 20 33 1 29 7 13 12
14 23 22 6 20 24 9 3 1 27 10 14 7 28 25
15 4 27 28 20 10 25 5 23 30 18 11 22 26 8 24
21 21 1 0 22 11 25 15 20 30 2 23 29 18 17 19 7 10 5 3 34 32
1 1
22 20 28 4 17 5 31 13 6 8 10 14 12 16 22 23 24 0 11 3 33 21 7
1 28
6 30 1 26 22 12 18
16 30 7 0 25 21 33 28 22 12 2 3 14 15 4 16 8
1 10
1 18
3 32 15 19
13 31 7 17 6 13 33 11 23 21 16 22 26 10
16 20 12 0 7 32 34 26 21 3 25 11 19 9 22 2 4
25 29 22 11 21 0 16 23 19 17 31 18 34 26 25 12 24 5 30 33 20 3 32 15 2 7
3 34 31 25
15 19 33 11 14 34 31 28 8 21 3 32 16 18 22 24
7 7 11 13 28 2 26 16
