30
22
8 19 7 22 9 13 24 12 11
5 0 18 8 2 1
17 0 24 22 19 4 11 15 14 6 26 25 18 29 23 20 7 13
16 15 8 19 26 6 25 22 5 24 23 11 2 21 16 4 27
7 23 6 12 16 11 9 20
1 3
1 24
13 3 18 0 28 4 20 9 23 29 22 14 19 7
5 15 28 12 27 13
14 8 4 21 15 5 16 26 10 23 7 12 22 6 24
19 8 18 4 7 20 27 28 24 0 1 26 9 29 13 22 11 5 16 10
5 6 13 24 10 26
2 0 28
7 0 26 14 12 2 15 11
9 0 12 15 10 23 16 20 14 9
1 13
8 12 3 29 20 14 6 28 11
13 7 10 14 18 24 0 16 21 20 4 13 25 12
13 4 11 10 2 28 25 29 9 0 5 13 14 21
9 2 11 1 20 23 22 0 26 14
15 15 20 2 21 9 6 26 19 17 5 18 27 7 11 4
7 2 25 19 23 0 12 11
