35
23
10 8 30 0 16 13 34 6 15 3 1
1 26
1 24
15 9 14 7 10 13 1 30 32 15 33 4 26 21 2 29
15 6 20 22 26 23 25 17 18 2 1 27 7 21 16 11
1 22
7 3 9 8 20 17 29 19
3 9 8 17
6 6 23 14 8 0 20
12 32 9 25 34 2 18 16 13 30 27 5 0
22 12 20 21 3 13 18 31 15 34 30 29 6 24 4 14 19 8 0 1 2 25 22
13 17 19 9 12 25 13 34 29 31 18 28 1 0
1 10
18 24 7 22 20 10 14 32 3 17 6 1 26 15 23 30 21 25 31
1 27
16 23 8 5 31 4 34 12 11 21 1 17 25 14 32 16 15
1 1
6 1 17 31 18 24 20
15 29 7 30 2 22 34 17 12 16 21 4 31 18 24 14
16 11 13 29 8 22 30 6 2 18 7 15 3 20 1 21 14
16 4 16 23 18 11 8 30 28 32 12 2 33 0 31 5 9
4 3 7 5 14
9 28 10 2 29 3 17 15 26 31
