30
24
1 26
24 6 2 7 11 4 28 17 19 5 12 16 13 27 15 23 8 25 10 0 24 1 22 3 14
22 13 23 14 8 24 1 28 6 3 19 11 10 4 0 29 12 21 20 15 16 22 9
12 23 18 21 27 4 8 24 13 16 28 12 0
9 13 27 11 18 2 8 19 22 9
2 27 6
8 14 16 23 10 6 13 5 26
15 22 15 28 18 14 20 29 9 13 10 11 25 0 17 16
11 9 17 1 5 12 4 11 20 8 2 19
8 27 2 20 8 11 10 18 1
10 16 13 4 0 8 27 26 25 22 15
2 25 15
4 1 21 5 18
1 25
5 27 1 21 18 16
9 24 6 23 15 0 22 19 20 1
5 2 12 16 8 14
1 24
6 13 21 12 19 14 1
1 20
1 15
5 23 14 22 7 1
17 26 23 6 2 19 10 4 11 17 8 9 13 7 29 24 18 15
1 10
