35
22
15 34 20 3 29 16 13 19 17 25 22 32 30 31 12 0
27 22 14 18 32 2 4 6 13 27 5 8 11 21 9 1 25 23 17 10 24 31 19 0 33 15 28 16
6 17 26 30 9 11 16
5 31 24 17 5 23
1 18
10 0 21 4 1 2 32 26 28 20 13
1 33
19 24 20 32 16 3 26 8 10 34 4 19 6 5 17 31 21 11 14 12
11 16 18 8 11 33 24 30 7 14 22 29
8 6 20 34 11 27 3 4 24
14 28 6 26 25 0 33 29 34 4 1 10 21 32 5
5 18 25 26 14 0
9 32 23 18 17 26 3 6 24 30
13 22 15 32 6 4 11 12 29 9 30 5 27 18
12 23 7 11 10 2 13 31 21 14 5 26 16
5 25 28 26 21 29
1 11
3 25 6 7
8 15 32 24 8 27 9 31 1
19 34 27 33 12 0 7 5 26 19 31 16 11 30 13 21 18 25 1 3
7 22 11 33 0 26 18 20
1 3
