35
25
17 23 27 26 28 34 29 14 0 33 16 5 30 12 11 2 7 31
19 21 18 26 32 6 14 27 31 3 23 9 17 7 15 33 5 20 34 13
7 30 6 4 27 7 26 10
1 27
11 10 28 2 4 3 14 32 12 26 1 11
23 7 28 0 31 22 2 8 24 18 26 1 16 29 3 23 9 20 25 6 5 15 32 13
5 8 27 18 31 7
7 14 31 17 29 20 12 27
13 29 16 26 24 2 14 1 17 20 6 5 34 19
1 25
4 20 12 4 22
27 17 0 34 14 27 4 23 32 28 26 11 7 29 6 18 33 31 16 30 5 3 24 12 10 15 20 9
18 21 13 30 19 3 24 22 28 16 6 23 25 15 17 31 18 2 0
4 5 21 4 27
1 2
9 17 29 3 13 15 16 12 0 14
7 19 23 2 4 17 32 26
2 1 18
8 11 26 19 4 0 30 20 16
12 32 31 0 19 30 29 22 3 15 34 26 21
4 12 34 5 11
1 8
14 19 11 18 30 32 0 17 22 23 14 33 4 3 34
19 8 19 32 25 34 15 27 29 22 17 31 13 14 28 24 26 33 1 20
13 24 12 18 32 9 6 31 33 26 11 5 4 8
