35
20
8 15 7 21 32 10 11 6 16
27 28 29 17 5 4 13 6 11 33 0 9 31 15 7 20 8 14 16 3 25 22 24 30 10 18 23 32
5 19 28 31 34 2
6 27 8 20 15 5 31
1 16
3 34 31 2
13 16 24 12 1 17 21 10 18 20 31 29 13 3
11 29 17 10 26 13 3 7 22 8 11 24
9 32 3 27 6 13 4 30 16 20
14 22 4 30 32 6 18 27 15 5 12 21 16 20 11
7 12 21 4 27 0 7 33
1 16
1 19
26 27 17 8 13 14 1 6 12 21 3 28 22 19 18 5 31 7 23 25 15 4 34 11 0 30 16
25 0 25 18 12 29 28 9 20 24 31 4 8 22 21 7 11 30 32 13 33 16 3 17 2 6
4 19 33 22 15
1 18
9 29 9 24 17 21 16 30 2 34
5 6 15 0 1 8
11 22 3 0 20 26 11 14 24 28 9 1
