35
25
5 26 2 29 13 1
14 15 9 7 25 19 6 33 34 11 17 3 18 30 14
14 20 8 11 5 27 18 1 15 30 34 32 13 2 10
20 10 1 20 28 2 22 25 13 19 31 18 3 29 27 6 5 14 21 17 0
8 17 28 34 1 2 29 22 33
8 8 2 1 29 28 10 13 25
8 34 13 9 14 22 8 32 33
1 14
1 19
18 1 27 5 8 34 16 23 25 13 24 11 12 18 31 0 21 29 33
12 0 10 8 20 17 32 27 28 12 4 19 16
15 25 27 12 19 7 14 23 24 33 8 4 11 21 6 0
16 22 29 18 25 28 5 31 13 15 21 12 11 9 27 32 2
1 19
3 24 27 3
1 26
20 8 7 5 22 2 34 16 13 24 19 32 6 3 33 31 18 15 20 0 4
11 30 23 27 18 5 1 8 2 14 26 21
4 21 11 23 24
1 8
20 7 13 21 24 2 11 29 12 18 20 16 4 34 30 25 33 10 31 28 15
4 4 25 7 13
11 15 27 17 9 1 8 12 6 21 10 20
7 11 8 12 30 4 15 14
1 5
