30
22
14 28 19 14 29 24 9 1 18 8 12 17 13 25 21
1 29
16 25 1 12 7 21 10 26 14 17 2 18 13 22 4 9 8
8 29 12 8 26 15 11 22 2
27 25 21 3 24 8 18 11 19 9 26 23 17 20 15 16 13 12 27 29 10 0 2 4 28 5 22 7
12 25 12 20 23 5 6 9 16 8 19 26 1
6 18 16 6 8 20 11
5 9 8 25 5 23
9 6 21 27 23 25 4 7 5 13
9 10 22 12 18 1 5 6 3 14
17 0 23 27 15 29 17 10 18 12 6 22 1 20 26 24 7 25
16 18 8 2 19 17 3 21 4 16 25 12 9 11 1 7 20
3 27 23 3
20 18 4 14 23 26 16 17 28 7 1 20 8 25 11 12 24 2 6 27 3
1 29
20 3 14 17 11 28 2 15 6 7 5 4 16 19 27 0 29 22 21 9 26
5 19 25 12 5 10
10 3 2 4 26 17 15 5 20 8 24
12 29 2 11 27 20 0 28 7 8 18 26 14
7 21 12 4 11 15 13 22
10 14 20 6 1 17 26 0 25 28 21
8 26 13 2 22 10 12 6 18
