35
23
8 23 30 8 16 15 28 24 3
1 7
1 9
33 25 5 19 14 16 21 29 1 32 11 8 7 12 27 23 31 4 28 0 26 30 33 24 6 20 3 2 22 9 15 13 17 18
1 1
6 21 13 19 26 5 2
6 9 2 11 23 16 30
10 6 0 28 32 34 19 24 31 2 10
11 30 2 1 17 3 8 21 25 16 29 13
12 21 10 18 9 5 4 2 25 0 14 12 15
13 8 3 22 4 9 29 34 12 16 7 18 15 13
6 24 3 17 2 15 29
13 15 27 3 33 30 2 13 4 21 18 34 28 6
2 32 6
1 33
3 21 10 16
7 5 10 20 22 26 14 15
20 2 18 8 27 16 21 10 17 34 15 14 29 28 4 0 24 9 6 19 32
6 31 18 13 16 7 14
1 27
4 21 13 25 4
13 12 31 25 7 26 30 14 15 18 11 4 34 1
7 24 31 7 13 14 0 3
