35
25
9 6 25 19 20 21 13 4 3 32
1 32
14 30 12 2 20 28 18 17 13 24 1 10 19 21 22
18 17 0 5 25 3 1 27 4 33 10 31 2 24 30 32 21 14 16
22 23 28 9 22 27 4 3 7 14 18 29 24 5 0 12 34 32 33 1 13 21 2
9 11 5 19 3 9 13 21 18 34
7 7 0 14 31 17 27 2
13 27 19 23 13 8 1 4 26 18 31 14 34 16
8 12 18 31 3 2 17 28 9
1 23
9 15 31 28 19 18 33 5 14 29
10 34 2 1 16 30 29 24 23 9 3
6 29 14 25 19 33 11
1 7
9 10 28 9 16 15 13 12 23 34
22 2 3 10 29 26 11 4 21 27 12 16 32 25 0 5 18 22 17 14 7 1 9
7 7 3 27 33 8 14 16
11 25 10 8 29 1 31 3 2 9 17 16
17 11 34 26 3 16 6 10 8 19 33 7 0 31 15 32 9 17
1 31
1 31
1 20
1 9
8 21 4 20 7 32 33 19 13
8 27 34 11 2 19 22 3 26
