35
21
6 4 17 21 23 29 18
10 29 14 11 4 1 32 24 26 23 22
11 27 33 21 8 7 26 19 32 31 23 6
1 17
18 12 19 9 20 31 7 27 1 10 33 4 28 17 15 22 32 25 11
5 21 4 19 12 29
1 13
3 5 18 2
13 2 28 25 7 20 29 14 10 12 19 26 8 0
10 13 3 7 17 29 24 23 34 27 19
8 20 33 15 26 18 32 31 12
11 30 23 13 4 29 26 0 7 24 25 27
9 33 28 17 16 22 19 26 11 0
9 32 8 27 10 20 14 22 28 9
16 20 24 7 25 5 23 29 6 3 0 33 28 30 22 1 19
18 27 22 24 33 11 4 10 25 29 34 14 9 2 1 5 18 8 13
8 21 4 15 25 1 2 0 17
8 27 3 15 4 16 26 2 25
13 2 32 7 27 15 20 14 31 1 11 12 18 6
2 14 15
1 10
