35
21
15 0 32 15 28 19 4 29 24 20 13 23 3 34 22 26
2 19 9
12 7 1 21 23 18 33 31 8 30 26 24 19
10 23 13 30 1 6 27 22 12 19 8
2 29 16
8 20 19 29 11 16 2 3 13
1 6
1 22
15 6 29 31 33 30 18 20 4 14 21 11 3 8 25 7
1 29
13 0 11 31 3 20 10 22 17 4 23 18 8 9
23 11 9 12 28 14 25 8 33 21 19 34 23 18 22 13 30 2 32 27 15 7 31 5
10 31 14 10 12 0 32 1 30 20 26
1 33
3 11 1 13
9 6 20 32 12 13 10 29 3 33
2 33 12
23 9 29 33 11 22 8 13 26 10 18 32 1 2 30 21 4 16 3 27 17 12 19 5
4 2 6 9 15
1 19
8 27 1 14 17 9 10 26 12
