30
23
1 21
4 16 10 15 5
10 12 0 29 2 9 23 21 1 11 22
7 15 2 24 16 12 4 29
10 26 13 20 0 7 3 27 19 4 14
5 13 18 16 22 5
3 0 12 1
19 16 29 26 15 0 25 12 1 6 13 2 24 9 10 17 7 27 3 5
6 12 3 24 21 6 28
16 28 18 27 21 12 20 26 22 7 0 29 11 1 15 2 9
1 5
11 29 24 19 2 26 15 4 6 23 0 3
15 17 2 15 19 23 28 27 22 16 18 29 7 14 26 20
3 9 19 25
16 18 21 19 22 1 2 3 17 29 15 16 12 0 4 6 27
14 29 4 15 1 12 20 19 11 27 5 16 7 21 28
2 11 28
9 1 6 18 29 12 8 7 13 17
1 27
12 18 14 8 7 17 0 13 4 23 11 2 26
1 22
1 17
9 14 5 22 17 27 11 21 25 19
