35
23
11 17 22 20 9 13 27 18 2 28 8 10
2 3 14
9 28 14 21 9 10 24 30 27 11
4 18 7 26 3
1 7
19 28 15 21 34 16 19 27 23 30 6 24 7 11 20 18 9 31 12 0
16 34 25 24 12 1 21 28 13 2 0 19 9 17 15 31 32
15 3 1 22 29 32 0 31 23 28 2 33 6 5 34 15
1 9
24 4 10 31 21 27 32 13 26 22 12 16 28 23 34 0 9 29 2 14 30 3 5 20 11
1 24
1 5
1 21
1 25
1 7
9 25 30 17 0 33 12 34 20 24
15 16 13 31 19 10 22 11 3 4 15 28 32 18 1 25
1 26
1 9
9 13 6 28 7 29 24 14 1 12
27 30 0 13 18 34 21 22 9 16 19 32 3 31 12 27 1 7 28 33 23 24 26 10 6 4 15 29
19 25 14 31 34 3 17 6 5 11 30 20 10 19 12 21 13 16 22 15
11 11 21 26 28 32 19 23 24 0 34 2
