30
24
15 19 8 16 22 2 27 20 11 15 25 3 24 23 21 1
6 14 15 25 22 10 13
8 24 16 17 20 2 3 25 29
14 7 13 10 23 20 11 17 28 22 0 15 19 18 8
2 7 4
1 24
1 2
7 22 17 8 10 12 24 7
1 11
5 16 6 26 3 9
1 4
5 6 24 15 22 9
11 7 2 26 27 29 15 28 20 10 11 18
10 24 18 23 10 3 4 0 16 12 21
8 29 15 1 25 28 2 5 4
6 29 20 14 11 28 19
16 0 19 28 4 11 25 6 1 14 23 29 9 2 10 13 16
8 21 18 2 3 25 20 29 8
14 29 22 17 1 11 6 5 21 0 25 2 9 10 3
9 6 21 12 24 10 28 19 14 17
19 22 26 10 13 3 11 1 23 18 29 24 19 9 27 16 8 7 0 2
11 11 17 19 9 4 8 25 14 21 26 27
1 3
9 26 11 0 12 18 8 4 7 20
