35
24
13 5 1 7 0 6 10 20 19 3 11 18 4 25
12 11 24 32 25 31 10 27 23 9 19 8 20
1 14
8 7 6 19 2 33 23 9 34
6 30 17 15 25 3 26
11 23 5 4 20 27 34 0 15 1 30 21
6 23 22 16 9 15 3
9 7 28 23 31 27 21 16 34 11
18 7 17 16 11 26 12 31 5 15 13 33 4 3 18 34 29 14 32
1 33
7 18 4 21 15 3 12 30
17 6 1 33 15 22 3 31 30 29 7 13 25 28 0 2 27 5
1 23
1 0
12 20 14 30 22 17 21 33 2 1 19 26 23
11 19 21 34 14 5 4 24 16 3 1 11
20 29 24 0 6 26 18 17 1 34 11 20 23 12 31 21 19 8 16 7 2
18 5 27 13 1 24 25 23 30 6 18 21 17 20 10 19 12 15 16
29 6 13 31 20 0 18 5 34 25 29 15 19 21 32 2 22 4 10 8 33 1 17 11 26 23 28 16 12 14
1 32
10 13 4 0 1 12 17 3 29 22 14
1 11
8 29 14 12 26 31 3 20 18
23 18 30 4 31 7 33 14 22 1 8 6 10 29 2 23 20 24 25 12 16 32 9 0
