35
20
1 26
6 0 4 15 11 7 31
1 23
8 1 5 3 17 23 18 11 20
4 21 23 5 27
13 27 26 9 14 1 28 8 30 0 6 21 23 13
18 27 1 23 6 19 11 24 12 9 18 32 30 7 2 33 34 21 16
8 11 29 34 28 9 33 12 0
15 8 3 18 24 10 11 13 26 30 32 6 1 14 31 17
18 33 3 32 25 10 14 1 34 4 13 23 15 17 31 28 22 7 8
3 2 25 31
9 21 20 4 2 26 7 14 34 19
7 33 17 15 0 22 18 32
10 34 23 11 19 7 30 32 27 28 13
12 30 14 10 27 28 8 34 23 24 21 7 18
7 1 12 25 3 26 9 17
13 20 14 13 16 22 24 1 31 12 17 15 8 18
19 14 23 20 30 7 15 29 19 22 6 1 3 24 16 2 4 13 8 21
4 13 20 0 34
17 31 34 5 16 33 13 22 10 14 30 8 28 23 12 24 21 4
