30
25
5 14 11 13 10 12
11 9 20 8 17 6 18 22 27 7 0 4
16 7 6 21 13 27 18 28 26 14 19 1 10 22 15 5 11
1 18
21 1 22 7 26 3 20 6 24 13 9 5 15 27 21 25 19 4 12 17 14 8
10 25 7 6 28 13 4 15 29 3 21
1 16
1 25
11 14 24 23 27 26 20 18 29 19 0 17
1 16
15 0 1 12 20 17 21 9 27 24 26 13 16 29 18 28
15 12 14 17 2 8 20 5 24 29 1 13 0 6 16 10
7 7 16 1 14 9 21 11
1 27
12 17 13 26 24 22 4 28 15 20 9 11 8
1 1
15 7 1 29 21 5 2 19 11 15 27 24 8 18 9 28
6 2 8 12 18 28 22
1 2
10 4 25 6 10 27 9 15 14 3 8
1 23
11 0 1 17 3 9 7 18 24 10 29 28
1 17
20 3 24 27 8 11 1 5 16 22 14 13 20 15 26 18 17 21 6 19 2
5 26 27 1 19 14
