35
24
8 10 21 30 22 32 15 9 20
1 17
1 12
1 23
6 17 32 24 1 15 3
13 32 3 0 8 28 10 25 18 12 5 23 14 24
11 34 29 2 31 10 4 19 12 33 23 26
8 20 5 2 17 9 27 6 31
2 11 24
14 4 14 15 9 2 17 25 22 0 28 8 1 32 23
1 23
3 0 33 18
22 24 6 10 2 18 13 34 14 32 1 5 17 0 30 16 20 26 33 31 19 7 29
27 15 11 1 32 19 23 21 8 17 10 33 4 3 20 18 12 2 25 24 30 28 5 31 26 13 0 7
1 4
14 4 29 34 31 28 27 6 18 1 2 15 9 25 26
2 17 31
5 19 34 26 12 22
6 34 10 3 19 33 27
1 25
12 31 8 21 29 30 19 20 24 6 0 34 15
8 18 31 27 11 24 17 6 5
6 8 30 22 23 24 14
15 27 34 25 21 8 11 7 3 10 26 2 15 30 5 16
